function delays = compute_delays(focus, c)

%These center coordinates were returned by xdc_show(Tx) as a string; could
%parse that string but simply pasting it here:
element_centers = [
    1   -27.0000,  -69.0000,   49.8338  
       2   -21.0000,  -69.0000,   45.3879  
       3   -15.0000,  -69.0000,   42.3968  
       4    -9.0000,  -69.0000,   40.5285  
       5    -3.0000,  -69.0000,   39.6267  
       6     3.0000,  -69.0000,   39.6267  
       7     9.0000,  -69.0000,   40.5285  
       8    15.0000,  -69.0000,   42.3968  
       9    21.0000,  -69.0000,   45.3879  
      10    27.0000,  -69.0000,   49.8338  
      11   -39.0000,  -63.0000,   49.8338  
      12   -33.0000,  -63.0000,   43.3667  
      13   -27.0000,  -63.0000,   38.7447  
      14   -21.0000,  -63.0000,   35.3906  
      15   -15.0000,  -63.0000,   33.0319  
      16    -9.0000,  -63.0000,   31.5232  
      17    -3.0000,  -63.0000,   30.7862  
      18     3.0000,  -63.0000,   30.7862  
      19     9.0000,  -63.0000,   31.5232  
      20    15.0000,  -63.0000,   33.0319  
      21    21.0000,  -63.0000,   35.3906  
      22    27.0000,  -63.0000,   38.7447  
      23    33.0000,  -63.0000,   43.3667  
      24    39.0000,  -63.0000,   49.8338  
      25   -45.0000,  -57.0000,   46.4441  
      26   -39.0000,  -57.0000,   39.6267  
      27   -33.0000,  -57.0000,   34.5907  
      28   -27.0000,  -57.0000,   30.7862  
      29   -21.0000,  -57.0000,   27.9423  
      30   -15.0000,  -57.0000,   25.9075  
      31    -9.0000,  -57.0000,   24.5924  
      32    -3.0000,  -57.0000,   23.9465  
      33     3.0000,  -57.0000,   23.9465  
      34     9.0000,  -57.0000,   24.5924  
      35    15.0000,  -57.0000,   25.9075  
      36    21.0000,  -57.0000,   27.9423  
      37    27.0000,  -57.0000,   30.7862  
      38    33.0000,  -57.0000,   34.5907  
      39    39.0000,  -57.0000,   39.6267  
      40    45.0000,  -57.0000,   46.4441  
      41   -51.0000,  -51.0000,   45.3879  
      42   -45.0000,  -51.0000,   37.8811  
      43   -39.0000,  -51.0000,   32.2716  
      44   -33.0000,  -51.0000,   27.9423  
      45   -27.0000,  -51.0000,   24.5924  
      46   -21.0000,  -51.0000,   22.0517  
      47   -15.0000,  -51.0000,   20.2171  
      48    -9.0000,  -51.0000,   19.0246  
      49    -3.0000,  -51.0000,   18.4370  
      50     3.0000,  -51.0000,   18.4370  
      51     9.0000,  -51.0000,   19.0246  
      52    15.0000,  -51.0000,   20.2171  
      53    21.0000,  -51.0000,   22.0517  
      54    27.0000,  -51.0000,   24.5924  
      55    33.0000,  -51.0000,   27.9423  
      56    39.0000,  -51.0000,   32.2716  
      57    45.0000,  -51.0000,   37.8811  
      58    51.0000,  -51.0000,   45.3879  
      59   -57.0000,  -45.0000,   46.4441  
      60   -51.0000,  -45.0000,   37.8811  
      61   -45.0000,  -45.0000,   31.5232  
      62   -39.0000,  -45.0000,   26.5772  
      63   -33.0000,  -45.0000,   22.6764  
      64   -27.0000,  -45.0000,   19.6179  
      65   -21.0000,  -45.0000,   17.2784  
      66   -15.0000,  -45.0000,   15.5795  
      67    -9.0000,  -45.0000,   14.4714  
      68    -3.0000,  -45.0000,   13.9243  
      69     3.0000,  -45.0000,   13.9243  
      70     9.0000,  -45.0000,   14.4714  
      71    15.0000,  -45.0000,   15.5795  
      72    21.0000,  -45.0000,   17.2784  
      73    27.0000,  -45.0000,   19.6179  
      74    33.0000,  -45.0000,   22.6764  
      75    39.0000,  -45.0000,   26.5772  
      76    45.0000,  -45.0000,   31.5232  
      77    51.0000,  -45.0000,   37.8811  
      78    57.0000,  -45.0000,   46.4441  
      79   -63.0000,  -39.0000,   49.8338  
      80   -57.0000,  -39.0000,   39.6267  
      81   -51.0000,  -39.0000,   32.2716  
      82   -45.0000,  -39.0000,   26.5772  
      83   -39.0000,  -39.0000,   22.0517  
      84   -33.0000,  -39.0000,   18.4370  
      85   -27.0000,  -39.0000,   15.5795  
      86   -21.0000,  -39.0000,   13.3817  
      87   -15.0000,  -39.0000,   11.7798  
      88    -9.0000,  -39.0000,   10.7324  
      89    -3.0000,  -39.0000,   10.2146  
      90     3.0000,  -39.0000,   10.2146  
      91     9.0000,  -39.0000,   10.7324  
      92    15.0000,  -39.0000,   11.7798  
      93    21.0000,  -39.0000,   13.3817  
      94    27.0000,  -39.0000,   15.5795  
      95    33.0000,  -39.0000,   18.4370  
      96    39.0000,  -39.0000,   22.0517  
      97    45.0000,  -39.0000,   26.5772  
      98    51.0000,  -39.0000,   32.2716  
      99    57.0000,  -39.0000,   39.6267  
     100    63.0000,  -39.0000,   49.8338  
     101   -63.0000,  -33.0000,   43.3667  
     102   -57.0000,  -33.0000,   34.5907  
     103   -51.0000,  -33.0000,   27.9423  
     104   -45.0000,  -33.0000,   22.6764  
     105   -39.0000,  -33.0000,   18.4370  
     106   -33.0000,  -33.0000,   15.0231  
     107   -27.0000,  -33.0000,   12.3095  
     108   -21.0000,  -33.0000,   10.2146  
     109   -15.0000,  -33.0000,    8.6838  
     110    -9.0000,  -33.0000,    7.6813  
     111    -3.0000,  -33.0000,    7.1852  
     112     3.0000,  -33.0000,    7.1852  
     113     9.0000,  -33.0000,    7.6813  
     114    15.0000,  -33.0000,    8.6838  
     115    21.0000,  -33.0000,   10.2146  
     116    27.0000,  -33.0000,   12.3095  
     117    33.0000,  -33.0000,   15.0231  
     118    39.0000,  -33.0000,   18.4370  
     119    45.0000,  -33.0000,   22.6764  
     120    51.0000,  -33.0000,   27.9423  
     121    57.0000,  -33.0000,   34.5907  
     122    63.0000,  -33.0000,   43.3667  
     123   -69.0000,  -27.0000,   49.8338  
     124   -63.0000,  -27.0000,   38.7447  
     125   -57.0000,  -27.0000,   30.7862  
     126   -51.0000,  -27.0000,   24.5924  
     127   -45.0000,  -27.0000,   19.6179  
     128   -39.0000,  -27.0000,   15.5795  
     129   -33.0000,  -27.0000,   12.3095  
     130   -27.0000,  -27.0000,    9.7006  
     131   -21.0000,  -27.0000,    7.6813  
     132   -15.0000,  -27.0000,    6.2030  
     133    -9.0000,  -27.0000,    5.2337  
     134    -3.0000,  -27.0000,    4.7537  
     135     3.0000,  -27.0000,    4.7537  
     136     9.0000,  -27.0000,    5.2337  
     137    15.0000,  -27.0000,    6.2030  
     138    21.0000,  -27.0000,    7.6813  
     139    27.0000,  -27.0000,    9.7006  
     140    33.0000,  -27.0000,   12.3095  
     141    39.0000,  -27.0000,   15.5795  
     142    45.0000,  -27.0000,   19.6179  
     143    51.0000,  -27.0000,   24.5924  
     144    57.0000,  -27.0000,   30.7862  
     145    63.0000,  -27.0000,   38.7447  
     146    69.0000,  -27.0000,   49.8338  
     147   -69.0000,  -21.0000,   45.3879  
     148   -63.0000,  -21.0000,   35.3906  
     149   -57.0000,  -21.0000,   27.9423  
     150   -51.0000,  -21.0000,   22.0517  
     151   -45.0000,  -21.0000,   17.2784  
     152   -39.0000,  -21.0000,   13.3817  
     153   -33.0000,  -21.0000,   10.2146  
     154   -27.0000,  -21.0000,    7.6813  
     155   -21.0000,  -21.0000,    5.7168  
     156   -15.0000,  -21.0000,    4.2768  
     157    -9.0000,  -21.0000,    3.3319  
     158    -3.0000,  -21.0000,    2.8638  
     159     3.0000,  -21.0000,    2.8638  
     160     9.0000,  -21.0000,    3.3319  
     161    15.0000,  -21.0000,    4.2768  
     162    21.0000,  -21.0000,    5.7168  
     163    27.0000,  -21.0000,    7.6813  
     164    33.0000,  -21.0000,   10.2146  
     165    39.0000,  -21.0000,   13.3817  
     166    45.0000,  -21.0000,   17.2784  
     167    51.0000,  -21.0000,   22.0517  
     168    57.0000,  -21.0000,   27.9423  
     169    63.0000,  -21.0000,   35.3906  
     170    69.0000,  -21.0000,   45.3879  
     171   -69.0000,  -15.0000,   42.3968  
     172   -63.0000,  -15.0000,   33.0319  
     173   -57.0000,  -15.0000,   25.9075  
     174   -51.0000,  -15.0000,   20.2171  
     175   -45.0000,  -15.0000,   15.5795  
     176   -39.0000,  -15.0000,   11.7798  
     177   -33.0000,  -15.0000,    8.6838  
